86,43,9
5,36,2
16,58,1
66,47,8
20,37,2
89,27,6
56,68,7
21,42,2
96,22,6
72,80,10
99,10,6
20,74,1
59,19,4
70,23,6
81,86,10
53,14,4
72,60,9
2,80,5
10,77,5
81,76,10
44,86,7
3,58,1
7,32,2
89,6,6
61,50,8
31,74,1
96,47,9
100,60,9
96,66,9
0,82,5
17,1,2
2,43,2
8,80,5
15,62,1
81,28,6
45,78,7
48,42,8
61,82,7
24,33,2
23,39,2
37,20,4
99,54,9
5,76,5
45,74,7
87,75,10
61,36,8
46,94,7
58,74,7
73,93,10
37,53,8
41,25,4
88,98,10
79,43,9
19,44,2
60,68,7
93,46,9
76,94,10
20,47,2
17,70,1
55,22,4
12,43,2
100,87,10
5,42,2
54,67,7
13,93,3
61,37,8
99,52,9
6,18,2
23,15,2
93,47,9
70,12,6
49,40,8
42,82,7
85,74,10
93,3,6
2,44,2
39,29,4
29,60,1
13,68,1
62,69,7
37,17,4
83,33,6
7,86,5
80,99,10
7,83,5
74,35,6
75,7,6
41,57,8
20,97,3
57,93,7
23,95,3
57,74,7
37,78,7
55,98,7
34,30,4
23,38,2
38,31,4
43,54,8
39,54,8
6,73,5
